1244
667
1713
2408
0
1470
2647
882
937
999
594
1068
2789
14
2249
896
2022
450
2787
1294
210
636
2292
1731
723
1375
273
443
2466
1418
290
651
535
2975
335
1428
750
2304
975
490
2924
2502
278
2559
2988
2430
1753
813
562
1830
703
657
614
280
642
1934
1966
426
2159
1039
966
2010
2756
513
2472
1625
2591
1551
37
1207
2508
1228
595
1155
2492
1178
1302
1148
2818
2098
663
1562
2017
1000
1049
2468
582
1013
148
2120
201
1424
1238
428
893
330
360
907
2935
547
1610
2721
2901
2495
343
1465
2275
448
53
1972
665
615
1222
2670
478
1997
1043
2280
2273
2616
105
1380
1051
1330
694
1762
1550
292
1417
1197
2448
1576
1723
2166
215
1298
2366
2485
2182
256
2778
2615
1567
1973
1010
1750
1306
1112
2315
237
517
586
2917
997
546
1592
5
1623
2832
2332
104
334
1498
1006
1409
1696
2742
2180
579
2563
522
371
209
2270
1420
2062
2806
390
2843
671
1260
1001
2552
1903
268
1646
561
1952
617
62
1736
1447
255
1366
7
755
2600
168
1787
1348
1058
894
588
765
301
1887
2529
1300
1028
2381
838
2446
106
1129
2515
316
1092
2111
1542
1098
2684
692
245
2581
2178
2504
2752
2385
2598
638
1402
1433
2176
2453
659
1432
46
444
933
2419
2517
119
350
1256
1115
2584
260
2544
2177
2860
956
2992
2556
1212
2192
368
567
1654
2754
1611
502
246
1938
492
1917
2487
2849
695
66
1752
1829
407
2122
885
1871
941
28
2706
244
948
461
1011
2656
1247
1594
1224
2066
2909
302
908
2807
936
2981
768
2558
482
1435
2387
1209
709
1923
909
2394
2635
1392
222
871
366
2439
2601
15
697
754
1225
2451
2564
1660
705
1922
2461
1288
2112
1526
187
1601
2594
2199
510
1836
2743
2434
672
2117
213
2987
979
305
1411
675
2307
427
844
2398
42
1891
1869
2131
2188
769
2402
649
1910
376
2800
2281
622
113
1708
2028
2238
29
2737
2185
2930
2413
477
1797
2885
300
2940
159
424
2590
2932
823
313
1746
700
551
977
377
2765
2418
2153
2899
1984
425
1759
2407
684
1091
2013
714
1182
2775
867
1924
2428
2316
1804
2776
2512
1393
26
2503
506
2467
1210
2220
2005
810
1764
1588
2848
2895
1271
1805
207
2747
1636
1530
2354
1672
973
972
1637
1033
1828
2250
2533
1241
479
2976
2575
1622
1345
1100
1717
1319
2395
1014
623
542
2785
2232
2374
2971
2150
2766
1229
2736
2194
876
2113
2497
1820
515
2210
732
1425
147
788
1865
1095
1233
2286
401
2087
1259
1476
455
1961
226
1678
1796
1334
1373
277
837
2566
1370
849
2079
2229
1177
2018
469
1776
2193
2181
234
1220
2698
1779
537
666
2239
2734
686
2268
1861
917
496
2839
1935
2139
2833
1999
436
1575
779
1442
914
683
125
362
1007
24
2039
1429
760
1992
2205
752
848
2865
720
2463
795
1795
2266
2989
2011
1285
2749
304
897
1071
1626
2231
1374
2135
35
1400
430
507
1738
124
2433
372
227
2863
1719
1025
2427
188
351
2957
1431
2949
214
1758
1361
2209
523
441
1161
2127
2278
1737
1859
2242
2473
326
4
1581
1065
1884
1246
383
365
2821
1918
2027
1747
2733
2531
2543
1652
1906
1462
1147
192
484
2107
724
1642
903
886
89
2440
1046 
2351
183
1489
1422
266
664
2873
1290
1192
995
2158
445
2157
393
1343
2623
621
1321
318
2655
1936
449
198
2701
1198
382
347
2424
2889
57
597
524
2955
1718
2271
146
328
1835
1606
1596
701
1185
798
1191
505
1745
1868
51
1430
489
211
2720
2132
2571
554
1860
1561
454
2771
673
1647
2263
1904
180
862
2879
619
451
1574
19
1595
76
1029
1474
2030
2138
1419
2958
915
2151
1426
658
23
2761
1072
1765
870
2121
2763
1832
1226
2174
2230
575
2471
1889
308
1507
2570
819
994
1204
938
741
2685
354
1438
807
799
2834
1078
804
2124
1388
2179
54
400
43
1941
1957
2426
157
2241
2149
2688
267
2441
1807
2918
1624
596
2156
850
1367
1666
21
2936
2244
2829
1711
1843
2809
2815
1339
2757
190
1377
1856
2828
2797
239
2520
2911
2488
289
2322
2836
640
1494
637
2819
1371
1125
487
2842
2644
2614
11
2092
1087
2628
346
2638
208
1005
294
628
342
2767
771
1201
2355
96
878
467
916
1483
2038
1998
296
2722
1267
373
1585
2469
2470
1469
413
1440
310
274
2683
1036
1638
1490
702
1629
648
1885
2786
900
2991
2699
1698
2803
2880
1471
1412
2475
2902
1084
1665
834
926
2526
905
2227
600
2650
1597
1699
2173
1085
1593
1293
2952
2764
2812
690
2452
1842
835
512
223
1768
632
1132
884
763
438
1801
2948
2196
164
592
1766
1848
1111
2796
2923
2086
2057
386
1640
202
1767
1743
1749
2313
232
607
2108
2592
766
1566
2456
2588
552
2649
1398
1881
2791
2780
2731
1386
1734
2165
1584
1295
2521
1867
2373
116
1603
2978
733
578
1059
1231
99
1317
2218
1549
538
1777
895
2309
1396
1560
635
1157
95
1221
1644
1216
2658
1866
36
587
2974
1165
2735
2213
1697
2330
774
1399
927
1347
821
1357
1434
2908
593
1506
1383
2972
1811
263
1676
1995
1314
960
1613
2338
780
2712
2256
2287
2189
22
698
2096
652
1234
317
610
1459
2968
565
439
920
874
811
2950
185
1018
1272
715
1688
519
868
2505
1308
322
2362
2001
128
1877
153
2371
2671
812
2928
1208
783
1573
291
431
1034
2920
2768
1760
2261
1080
1061
598
1453
550
2023
2886
1656
1705
1082
1531
2147
1839
464
143
888
2965
152
2499
319
953
2435
1038
958
2269
2007
2854
2845
2602
25
580
2608
1359
971
689
1632
1456
340
1103
2891
2537
1975
1701
571
2155
2334
1232
370
892
559
2814
2080
540
1546
435
639
114
230
2881
1552
662
466
41
2145
169
1634
2004
845
514
2175
1902
2927
2024
585
391
2770
2477
1620
1978
2810
1838
901
756
1022
2243
584
2063
504
2630
1553
1729
2114
613
1316
883
419
2595
1512
2021
772
1520
1706
2562
241
353
1048
293
2321
252
470
2626
1939
179
262
2827
1496
387
2794
2396
863
2143
1248
1979
2409
2707
2425
2014
285
2516
1145
1151
2507
1605
1372
2646
1214
1949
836
706
787
369
2069
1628
1545
2664
45
323
1971
1659
468
1331
809
1365
530
952
1255
2410
2850
1826
2506
2454
858
87
2246
1329
311
855
2530
2719
2455
417
2045
206
2361
92
1651
2401
2831
2372
2890
2569
719
1464
1599
797
1119
242
717
2825
367
212
2019
2758
306
189
2207
2692
2337
197
85
327
2726
1878
861
233
1516
1694
2247
764
1189
928
2639
1855
2621
2897
2390
1035
955
70
205
2235
186
2913
432
71
1223
2285
2716
1580
1515
2884
1974
2762
553
773
1086
282
8
2551
2969
2306
1303
333
2857
557
476
641
1467
1354
2645
531
682
1649
122
2129
2148
2612
1730
270
325
1894
599
988
846
1554
1227
1822
2641
1053
1116
572
2399
728
921
577
1639
275
2211
2943
1641
2197
2327
224
409
2811
967
240
996
1070
93
2449
151
475
90
1052
611
1944
670
2790
2422
778
276
2048
1187
2264
2236
2423
1614
88
1441
1837
2705
2077
1802
2951
34
33
2741
1042
2907
1524
829
992
951
253
864
1286
2342
6
49
736
1067
1138
315
2274
1744
1219
1077
2528
456
2858
1492
2914
566
2226
1021
416
2986
1269
2637
1408
1423
2318
2310
1824
434
2826
378
1543
243
2582
2115
1032
2254
2481
1173
160
727
1385
1789
250
2052
135
2067
2352
2963
1283
172
1473
1569
2549
1144
1645
1769
2341
1390
2365
1114
361
853
2288
2567
2336
560
1728
608
2206
2657
843
352
2317
288
965
2713
1556
1976
457
236
1199
217
2527
1942
743
1184
399
16
2333
359
784
1154
583
1146
1133
2966
2892
2523
1514
2682
272
60
2282
1621
738
1176
2900
2926
687
117
12
2144
2539
385
421
1252
2375
2855
1607
1139
2378
1788
1977
2
2654
32
2036
1167
860
402
521
1563
2904
1027
2290
2557
2130
1407
2065
2025
1798
1568
1947
2561
9
2689
875
2795
959
1863
265
2585
1577
200
1403
1160
453
1257
1663
140
2276
1188
129
1325
922
2823
869
2303
976
404
2482
1679
1502
1215
395
2346
2660
1326
1495
2933
1532
2915
1793
2572
1486
776
309
1485
1677
2339
1751
2442
913
2478
2840
1521
2753
2255
2903
1108
1591
1991
2870
1113
2723
2514
704
1558
2555
1320
339
412
2872
544
2450
2782
944
2653
336
405
73
1685
13
1437
1175
2432
1710
1120
2102
1369
942
1548
2841
2090
749
2693
1124
1931
1898
381
2094
437
1815
984
1876
925
1937
630
2203
2748
1273
1664
182
1578
954
121
2458
10
881
536
1309
20
2137
1158
2476
947
644
2126
2916
762
228
2934
1468
249
1134
2326
1702
2059
2359
1763
1648
919
1026
729
1305
847
2984
541
1627
1791
906
1350
1888
321
2293
2486
2042
931
2335
1733
2990
2755
2465
880
2676
1472
782
1900
2012
1041
532
796
2391
2091
2593
1748
1054
2622
1205
627
364
2568
758
2979
2964
462
1700
2852
2040
2202
2493
254
830
269
83
2479
2629
631
668
2760
889
1186
303
677
1364
718
2055
890
1899
962
2020
526
2406
747
785
2190
2081
2134
1287
1618
2100
1908
2494
1057
2064
1967
1956
1263
1981
991
2675
2437
97
1985
2853
2631
2970
498
1587
136
2625
1890
2727
1174
2802
501
167
2125
2977
2403
2444
2732
2483
1168
1069
680
1455
1251
1901
857
1874
943
1236
791
2906
930
1030
711
1968
337
1921
1683
2640
199
163
2941
1661
1841
2938
1180
2076
1394
767
27
2554
646
2779
2368
734
1020
65
1950
1680
1301
1631
1873
2054
447
751
18
2073
2095
1920
178
696
1946
1062
2393
2291
103
247
380
2003
1349
2265
483
983
2289
1785
1342
2097
1880
408
1237
2799
2498
1382
1817
2784
165
1358
1608
737
1602
1643
2534
2170
1487
2474
1047
2882
604
2959
1491
1261
527
63
2296
2769
1579
1268
1089
1993
3
2400
2610
61
1809
295
2349
429
1875
394
194
1715
2089
442
2308
1846
1170
1019
474
1497
2084
2691
1517
2774
1445
55
84
1206
1075
2234
1695
1615
2133
2888
1397
568
1162
279
1264
712
2545
2480
826
1389
918
969
1037
589
1557
2187
2599
2431
473
497
2405
115
1012
650
2730
1169
2279
1958
1448
2377
1276
629
1857
1480
2772
82
1510
643
108
2128
74
162
1060
757
2237
987
1083
392
218
1812
2462
283
2002
2328
2652
2116
345
548
1571
1410
2240
2460
940
2101
1093
2201
1242
1772
2167
602
1965
2667
2380
2212
1732
2817
229
2718
1460
1421
155
911
2618
1142
363
1925
1635
1969
422
1387
2611
817
753
2044
520
2783
2751
2350
1818
1073
1959
1016
2547
299
2750 
2501
708
840
98
2345
1528
2603
1458
1296
1488
549
2580
68
1292
904
2302
2035
2198
251
1669
1572
2607
974
1849
963
1193
2033
981
528
2043
2272
463
471
1537
1164
1040
1395
775
1727
1806
418
1179
685
1023
1153
1714
2099
2072
1341
2648
2414
2071
324
307
1775
107
722
130
606
2109
2925
1099
1360
939
1045
389
525
384
1616
75
735
1436
2323
1356
1
1416
40
2597
1927
1870
31
873
1534
1152
832
225
1355
2320
2847
1482
2420
2576
314
2233
2429
1778
1527
950
2363
803
1799
2744
2708
1391
2445
2245
1845
137
1781
516
2311
2404
511
2105
842
1529
2550
626
1379
1808
2538
1239
781
1131
924
1088
2617
2484
1090
2297
1200
2674
1657
814
2867
1066
1896
2525
2386
2577
48
1687
2875
2898
193
986
2370
1525
1130
887
488
660
2710
1327
2661
605
2123
2300
2982
1854
1954
1833
1879
2041
2586
2367
961
2724
932
1893
1094
491
1538
1050
1121
2251
731
1451
2491
2729
654
2443
1297
1461
216
1786
1987
1118
2877
1117
2804
1980
126
1850
2191
1353
1725
2874
81
2489
331
1055
1691
375
149
2961
2864
123
174
2058
499
1149
2694
2183
433
2009
1583
1063
403
1202
1439
2532
2866
539
1707
1970
1604
2513
2695
271
1990
2284
726
1310
2703
1009
2319
500
2524
1590
1427
1444
1274
312
691
989
410
156
132
957
2574
2659
2813
1650
2944
2496
1670
1101
1720
1258
2037
2541
1171
2624
2717
1500
248
1886
2344
2447
1275
1499
2518
2324
558
181
2200
258
2596
184
2962
2006
2846
1844
745
2869
1757
2078
1196
17
64
2026
1689
1916
808
1741
2172
1926
828
1031
231
2824
721
1107
2252
1183
100
1929
503
2919
1655
1443
2738
1318
2392
2980
2093
2662
2620
859
1002
1960
1266
1141
1194
2357
2746
2118
1312
1352
2248
1668
879
177
110
786
2728
2922
2082
2945
2636
2519
2214
2700
166
822
827
2739
30
669
2560
556
1983
770
1853
1450
1240
379
1501
2931
1452
80
742
94
1190
748
2421
1825
2714
2074
1235
1307
2382
574
2553
1780
1564
2954
2283
609
1872
1015
2046
261
2859
2871
2619
1454
2119
332
1289
1681
2298
2140
495
2034
2946
1008
1726
348
1253
2583
1509
1535
1755
820
1671
2510
1658
2604
839
134
264
69
1106
746
1362
2589
2921
1262
759
1449
1994
2822
1254
1858
2947
1821
633
1721
2379
1127
2672
2397
854
440
1913
2136
1446
423
790
1667
2835
1401
257
1477
713
2015
1376 
1324
238
2186
1265
1716
102
2103
2565
1816
509
573
831
2047
398
2376
1336
101
625
1413
2578
133
1414
2893
1150
2061
2104
2356
2154
1790
2457
1044
2417
2627
655
1813
2312
1203
2805
396
287
220
1096
1338
2163
1481
1245
1814
1381
2224
1363
298
1932
851
800
2348
374
1126
2677
2360
1213
494
2277
109
2679
77
2830
1897
2579
2704
2340
406
1963
1097
2509
818
1484
1989
699
1328
1405
2878
1919
118
1912
2876
2894
2464
1340
1686
2500
1475
563
645
1332
2709
2816
1404
1323
2634
2956
569
2573
970
2068
144
1943
1674
2967
1823
1740
1478
1466
341
2412
67
1218
2388
221
154
1137
2542
1754
688
329
964
2353
2459
1544
1017
2343
2725
1143
465
357
978
1800
1770
674
2060
1508
2680
1662
534
912
203
1479
877
480
2106
570
681
446
543
1953
472
2331
2788
281
1304
2606
1739
656
320
2511
1523
458
38
2820
2777
1522
2305
601
634
452
730
2883
1783
620
1735
935
1761
1784
2613
1895
2548
1559
710
420
792
2696
866
2856
929
219
1909
1692
2384
56
891
1982
2369
1988
397
2773
518
2792
2983
235
2759
1864
993
2294
725
2146
47
141
78
481
2887
1570
411
58
2389
2142
1166
44
415
2075
1064
1536
2221
2690
131
2056
1504
1673
2031
1690
1675
1703
1493
2162
1945
259
1653
1930
1270
1346
899
145
898
2110
1463
1503
2085
2632
1519
2267
1883
1279
112
2329
1322
355
2535
1862
1384
2663
1794
603
612
486
2257
2253
1955
2673
2808
1819
1582
865
2260
2745
2942
91
2642
1892
1004
2228
1136
1351
945
980
789
493
618
1851
2358
349
2195
2032
2960
358
1962
2587
284
1609
2216
2295
990
1756
39
2668
590
1280
2050
52
1933
1709
1600
1951
1684
923
2219
801
2801
1457
793
2868
127
2681
2522
1682
1344
1195
2415
591
2609
740
805
2643
564
1834
2164
545
1541
2383
902
2314
2633
1291
1102
1565
761
946
2666
2702
344
2740
968
624
2222
1773
1617
460
1598
111
2910
653
1533
1518
2862
2985
1586
72
2215
2141
2171
2665
161
581
1315
50
2651
2939
1986
2540
678
934
2896
485
1282
2438
142
2546
616
1181
1771
744
2605
1928
2070
138
852
1230
2490
841
833
676
286
1333
1081
1135
647
1123
1513
1693
1907
1827
1803
1724
1540
1831
555
1163
338
2160
59
139
1612
1284
176
508
1915
1024
1792
1277
297
2301
2169
2259
1278
1964
777
2416
1313
1281
794
1074
2838
2793
815
2678
1056
1847
1555
2953
1335
2929
2053
459
825
576
1159
1079
2161
1250
2697
1539
1882
2204
1337
175
1774
910
2861
2049
2016
2851
2008
1742
2798
2411
150
2781
529
1633
1105
1911
1704
1249
1852
1109
2711
1914
1211
1368
170
1128
998
356
2686
1140
196
120
679
2168
1782
2687
1217
1940
2844
1156
79
2905
2217
2669
2225
2208
1722
2347
388
2973
2299
1243
1415
2715
1378
802
2536
195
1589
982
414
1840
2000
1905
1511
1996
86
1505
856
1948
1003
171
1619
872
1547
661
2051
949
2262
1311
1712
1110
1630
1406
2088
2083
533
985
707
1122
2223
2258
2937
1172
2436
1299
739
716
1104
2837
191
2912
693
158
173
2029
2325
2152
1076
1810
806
2364
824
204
2184
816
2993